840    349    968    757    635    612    564    969    183
996    741    541    810    746    763    163    250    207
999    730    964    374    166    985    740    558    291
553    645    701    920    485    951    889    242    587
502    707    557    585    703    298    127    514    944
791    577    194    899    577    825    863    851    891
849    591    449    140    145    995    742    966    480
840    349    968    757    635    612    564    969    183
996    741    541    810    746    763    163    250    207
999    730    964    374    166    985    740    558    291
553    645    701    920    485    951    889    242    587
502    707    557    585    703    298    127    514    944
791    577    194    899    577    825    863    851    891
849    591    449    140    145    995    742    966    480
840    349    968    757    635    612    564    969    183
996    741    541    810    746    763    163    250    207
999    730    964    374    166    985    740    558    291
553    645    701    920    485    951    889    242    587
502    707    557    585    703    298    127    514    944
791    577    194    899    577    825    863    851    891
849    591    449    140    145    995    742    966    480
840    349    968    757    635    612    564    969    183
996    741    541    810    746    763    163    250    207
999    730    964    374    166    985    740    558    291
553    645    701    920    485    951    889    242    587
502    707    557    585    703    298    127    514    944
791    577    194    899    577    825    863    851    891
849    591    449    140    145    995    742    966    480
840    349    968    757    635    612    564    969    183
996    741    541    810    746    763    163    250    207
999    730    964    374    166    985    740    558    291
553    645    701    920    485    951    889    242    587
502    707    557    585    703    298    127    514    944
791    577    194    899    577    825    863    851    891
849    591    449    140    145    995    742    966    480
840    349    968    757    635    612    564    969    183
996    741    541    810    746    763    163    250    207
999    730    964    374    166    985    740    558    291
553    645    701    920    485    951    889    242    587
502    707    557    585    703    298    127    514    944
791    577    194    899    577    825    863    851    891
849    591    449    140    145    995    742    966    480
840    349    968    757    635    612    564    969    183
996    741    541    810    746    763    163    250    207
999    730    964    374    166    985    740    558    291
553    645    701    920    485    951    889    242    587
502    707    557    585    703    298    127    514    944
791    577    194    899    577    825    863    851    891
849    591    449    140    145    995    742    966    480
840    349    968    757    635    612    564    969    183
996    741    541    810    746    763    163    250    207
999    730    964    374    166    985    740    558    291
553    645    701    920    485    951    889    242    587
502    707    557    585    703    298    127    514    944
791    577    194    899    577    825    863    851    891
849    591    449    140    145    995    742    966    480